sld01 ../complete 19089.8284446281 987 0.0517029266587119 0 0 0 NaN 0 0 0 NA 
sld02 ../complete 1299385.44299534 137 0.000105434458065182 0 0 0 NaN 0 0 0 NA 
sld03 ../complete 30896.118576498 496 0.0160537964913591 0 0 0 NaN 0 0 0 NA 
sld04 ../complete 19684.7327650854 519 0.0263656106584563 0 0 0 NaN 0 0 0 NA 
sld05 ../complete 30566.0753697077 623 0.0203820736703876 0 0 0 NaN 0 0 0 NA 
sld06 ../complete 20874.41637 1038 0.0497259411521454 0 0 0 NaN 0 0 0 NA 
sld07 ../complete 32351.252962 1271 0.0392875046135902 0 0 0 NaN 0 0 0 NA 
sld08 ../complete 20584.973416 2090 0.1015303715853 0 0 0 NaN 0 0 0 NA 
sld09 ../complete 31027.3525732167 1015 0.0327130713974019 0 0 0 NaN 0 0 0 NA 
sld10 ../complete 24819.696635 398 0.0160356512753968 0 0 0 NaN 0 0 0 NA 
sld11 ../complete 21190.700247 887 0.0418579843828226 0 0 0 NaN 0 0 0 NA 
sld12 ../complete 26587.088512 740 0.0278330588799147 0 0 0 NaN 0 0 0 NA 
sld13 ../complete 31429.9907634001 2481 0.0789373442288471 0 0 0 NaN 0 0 0 NA 
sld14 ../complete 20279.907357 510 0.0251480438752578 0 0 0 NaN 0 0 0 NA 
sld15 ../complete 28300.771808 1994 0.0704574424163351 0 0 0 NaN 0 0 0 NA 
sld16 ../complete 24227.134961 780 0.0321953050270128 0 0 0 NaN 0 0 0 NA 
sld17 ../complete 18194.546473 764 0.0419906042249389 0 0 0 NaN 0 0 0 NA 
sld18 ../complete 28906.341646 2289 0.0791867759688209 0 0 0 NaN 0 0 0 NA 
sld19 ../complete 29480.150728 497 0.0168588011840779 0 0 0 NaN 0 0 0 NA 
sld20 ../complete 25062.5048129762 1582 0.0631221823917981 0 0 0 NaN 0 0 0 NA 
sld21 ../complete 18818.854119 1139 0.0605244077454236 0 0 0 NaN 0 0 0 NA 
sld22 ../complete 19376.2894188793 1306 0.0674019659681332 0 0 0 NaN 0 0 0 NA 
sld23 ../complete 29908.562312413 2089 0.0698462192257566 0 0 0 NaN 0 0 0 NA 
sld24 ../complete 1385005.746066 85 6.13715865377713e-05 0 0 0 NaN 0 0 0 NA 
sld25 ../complete 31179.1882322463 244 0.00782573292744194 0 0 0 NaN 0 0 0 NA 
tap01 ../complete 27429.345404 1814 0.0661335505197826 0 0 0 NaN 0 0 0 NA 
tap02 ../complete 26871.321651 1169 0.0435036287080616 0 0 0 NaN 0 0 0 NA 
tap03 ../complete 22243.4448226253 9693 0.435768833348178 0 0 0 NaN 0 0 0 NA 
tap04 ../complete 27175.660773 4004 0.147337723761187 0 0 0 NaN 0 0 0 NA 
tap05 ../complete 27759.02098 4050 0.145898517203397 0 0 0 NaN 0 0 0 NA 
tap06 ../complete 25963.5472204091 1046 0.040287253167694 0 0 0 NaN 0 0 0 NA 
tap07 ../complete 19968.8294003181 2885 0.144475168882661 0 0 0 NaN 0 0 0 NA 
tap08 ../complete 24466.333607906 713 0.0291420860774008 0 0 0 NaN 0 0 0 NA 
tap09 ../complete 29767.223029 1495 0.0502230254580191 0 0 0 NaN 0 0 0 NA 
tap10 ../complete 29031.7007149989 699 0.0240771288896234 0 0 0 NaN 0 0 0 NA 
tap11 ../complete 28567.1884630065 348 0.0121818078265087 0 0 0 NaN 0 0 0 NA 
tap12 ../complete 22552.203389 381 0.0168941363922709 0 0 0 NaN 0 0 0 NA 
tap13 ../complete 29196.054999 928 0.0317851161751745 0 0 0 NaN 0 0 0 NA 
tap14 ../complete 12556.8781851072 532 0.0423672183609274 0 0 0 NaN 0 0 0 NA 
tap15 ../complete 21565.1506467064 1987 0.0921393980757317 0 0 0 NaN 0 0 0 NA 
tap16 ../complete 23938.189428 6018 0.251397459198016 0 0 0 NaN 0 0 0 NA 
tap17 ../complete 30058.424674 1004 0.0334016173797838 0 0 0 NaN 0 0 0 NA 
tap18 ../complete 32066.21674 627 0.019553288904764 0 0 0 NaN 0 0 0 NA 
tap19 ../complete 21972.7200444984 711 0.032358306052237 0 0 0 NaN 0 0 0 NA 
tap20 ../complete 25697.204603 2182 0.0849119596356899 0 0 0 NaN 0 0 0 NA 
tap21 ../complete 25404.897569 5536 0.217910738863015 0 0 0 NaN 0 0 0 NA 
tap22 ../complete 26288.144432 2690 0.102327496220141 0 0 0 NaN 0 0 0 NA 
tap23 ../complete 23648.219649 1520 0.0642754517067536 0 0 0 NaN 0 0 0 NA 
tap24 ../complete 18502.4906202475 1554 0.0839886927600676 0 0 0 NaN 0 0 0 NA 
tap25 ../complete 27997.661458472 1082 0.0386460848383675 0 0 0 NaN 0 0 0 NA 
